25
0 0 1056 -112 1088 32 0
1 0 1536 -80 128 96 0
2 0 1472 -320 256 128 0
3 0 1536 -304 256 160 0
4 0 1280 -368 640 32 0
5 0 32 -208 64 352 0
6 0 512 -304 1024 32 0
7 0 480 -176 64 32 0
8 0 416 -208 64 32 0
9 0 288 -272 64 32 0
10 6 160 -176 32 64 5
11 14 496 -128 32 64 1
12 14 432 -160 32 64 1
13 4 400 -176 32 32 0
14 2 336 -240 32 32 0
15 2 1328 -80 32 32 0
16 17 728 -158 64 28 0
17 17 856 -158 64 28 0
18 17 984 -158 64 28 0
19 6 672 -240 32 64 1
20 12 368 -272 32 32 1
21 12 560 -272 32 32 1
22 12 784 -272 32 32 1
23 12 -196 -272 32 32 1
24 12 1232 -240 32 32 1
0 0 0 4096
1 0 0 2048
11 0 0 1024 0 4 5 6 7 8 9 10 11 12 13 14 16 17 18 19 20 21 22
12 1024 0 2048 0 1 2 3 4 15 23 24
13 0 1024 1024
14 1024 1024 2048
2 2048 0 4096
3 0 2048 2048
4 2048 2048 4096
