25
0 0 1504 176 64 352 0
1 0 928 112 960 32 0
2 0 32 272 64 160 0
3 0 224 80 448 32 0
4 0 16 144 32 96 0
5 0 688 4 32 128 0
6 24 -1360 -244 32 32 0
7 4 1456 112 32 32 0
8 6 1184 208 16 32 1
9 6 1056 208 16 32 8
10 6 928 208 16 32 9
11 6 800 208 16 32 1
12 6 672 208 16 32 1
13 99 812 -40 24 28 1
14 99 1324 -40 24 28 1
15 15 226 155 64 64 17
16 26 16 252 32 32 0
17 27 1520 220 32 32 0
18 0 1472 80 128 32 0
19 99 522 -40 24 28 1
20 12 592 208 32 32 1
21 12 816 188 32 32 1
22 12 976 144 32 32 1
23 12 1168 188 32 32 1
24 6 1312 208 16 32 5
0 0 0 4096
1 0 0 2048
11 0 0 1024 1 2 3 4 5 10 11 12 13 15 16 19 20 21 22
12 1024 0 2048 0 1 6 7 8 9 14 17 18 23 24
13 0 1024 1024
14 1024 1024 2048
2 2048 0 4096
3 0 2048 2048
4 2048 2048 4096
