59
0 0 3056 48 2056 32 0
1 0 3072 143 64 224 0
2 0 3056 239 544 32 0
3 0 3072 367 64 32 0
4 0 3056 303 32 96 0
5 0 3376 175 96 32 0
6 0 3296 -113 64 32 0
7 0 3296 -177 448 32 0
8 0 3616 -177 64 32 0
9 0 3856 -177 275 32 0
10 0 3680 127 64 128 0
11 0 3840 175 128 32 0
12 0 4112 239 416 32 0
13 0 4080 143 32 160 0
14 0 4064 367 64 32 0
15 0 4080 -159 32 256 0
16 0 4064 -241 64 32 0
17 0 4000 -305 64 32 0
18 26 3056 47 32 32 0
19 27 4112 47 32 32 0
20 24 3824 47 32 32 0
21 24 3184 47 32 32 0
22 3 3408 207 32 32 0
23 3 3152 79 32 32 0
24 3 3856 207 32 32 0
25 3 3792 79 32 32 0
26 1 3248 -81 32 32 0
27 1 3536 79 32 32 0
28 1 3984 79 32 32 0
29 1 3952 -145 32 32 0
30 23 3184 -17 32 32 0
31 23 3824 -17 32 32 0
32 6 3272 335 16 32 11
33 6 3464 239 16 32 1
34 6 3592 303 16 32 1
35 6 3720 303 16 32 1
36 6 3944 333 16 32 1
37 6 3848 143 16 32 1
38 6 3272 175 16 32 1
39 6 3464 -49 16 32 1
40 6 3272 -49 16 32 1
41 6 3592 -49 16 32 1
42 6 3752 -49 16 32 1
43 6 3976 -49 16 32 1
44 8 3184 -320 32 58 1
45 8 3450 -320 32 58 1
46 8 3930 -320 32 58 1
47 8 3820 -320 32 58 11
48 9 -3308 -337 24 28 1
49 9 3500 337 24 28 1
50 9 3660 337 24 28 1
51 9 4012 209 24 28 1
52 9 -3148 -177 24 28 1
53 0 3680 207 192 32 1
54 22 4080 304 32 32 1
55 25 -4086 -303 44 96 1
56 29 3616 127 64 128 2
57 30 3872 -177 320 32 12
58 41 3618 -304 672 32 0
0 0 0 5632
1 0 0 2816
11 0 0 1408
111 0 0 704 0
112 704 0 1408 0
113 0 704 704
114 704 704 1408
12 1408 0 2816
121 1408 0 2112 0
122 2112 0 2816 2 0
123 1408 704 2112
124 2112 704 2816
13 0 1408 1408
14 1408 1408 2816
2 2816 0 5632
21 2816 0 4224
211 2816 0 3520 52 49 48 45 44 40 39 38 33 32 30 26 23 22 21 18 7 6 5 4 3 2 1 0 58
212 3520 0 4224 56 55 54 53 51 50 47 46 43 42 41 37 36 35 34 31 29 28 25 24 20 19 17 16 14 13 12 11 10 9 8 0 58 27 57
213 2816 704 3520 45 44
214 3520 704 4224 47 46
22 4224 0 5632
221 4224 0 4928 12 0
222 4928 0 5632 0
223 4224 704 4928
224 4928 704 5632
23 2816 1408 4224
24 4224 1408 5632
3 0 2816 2816
4 2816 2816 5632
