41
0 0 4736 47 1792 32 0
1 26 4080 79 32 32 0
2 27 5616 47 32 32 0
3 0 4112 239 410 32 0
4 0 4528 175 346 32 0
5 0 4064 367 64 32 0
6 0 4080 271 32 32 0
7 0 4080 303 32 32 0
8 0 4080 335 32 32 0
9 0 4080 143 32 160 0
10 0 5584 175 86 32 0
11 0 5456 111 32 32 0
12 0 5616 208 32 384 0
13 99 5616 335 32 96 0
14 99 5616 271 32 32 0
15 99 5616 239 32 32 0
16 99 5616 207 32 32 0
17 3 4688 207 32 32 0
18 1 4816 79 32 32 0
19 2 5488 143 32 32 0
20 4 5552 207 32 32 0
21 3 4304 271 32 32 0
22 1 4368 207 32 32 0
23 6 4232 175 16 32 1
24 6 4424 143 16 32 1
25 6 4552 143 16 32 1
26 6 4424 303 16 32 1
27 6 4232 335 16 32 1
28 6 4616 303 16 32 1
29 6 4872 175 16 32 3
30 6 5000 175 16 32 1
31 6 5128 175 16 32 1
32 6 5256 175 16 32 1
33 6 5384 175 16 32 1
34 6 5576 271 16 32 1
35 6 5544 111 16 32 1
36 10 4624 95 32 64 1
37 10 4592 223 32 64 1
38 10 4208 95 32 64 1
39 11 5392 329 96 44 17
40 31 5472 111 64 32 12
0 0 0 5632 36 37 38
1 0 0 2816 36 37 38
2 2816 0 5632 36 37 38
21 2816 0 4224 36 37 38
211 2816 0 3520 36 37 38
212 3520 0 4224 38 8 7 6 5 3 2 0 36 37
213 2816 704 3520 36 37 38
214 3520 704 4224 36 37 38
22 4224 0 5632 36 37 38
221 4224 0 4928 37 36 29 28 27 26 25 24 23 22 21 18 17 4 3 0 38
222 4928 0 5632 39 35 34 33 32 31 30 20 19 16 15 14 13 12 11 10 0 1 40
223 4224 704 4928 36 37 38
224 4928 704 5632 36 37 38
23 2816 1408 4224 36 37 38
24 4224 1408 5632 36 37 38
3 0 2816 2816 36 37 38
4 2816 2816 5632 36 37 38

