15
0 0 3744 -944 314 32 0
1 0 3616 -960 64 128 0
2 0 3840 -1136 512 32 0
3 0 4064 -976 64 352 0
4 0 3600 -944 32 320 0
5 0 3600  -1072 32 32 0
6 0 3600 -1040 32 32 0
7 13 3856 -896 32 64 1
8 4 3952 -976 32 32 0
9 2 3824 -1104 32 32 0
10 2 3760 -912 32 32 0
11 6 4008 -1008 16 32 5
12 6 3744 -1008 16 32 6
13 6 3872 -816 16 32 1
14 0 3984 -1008 90 32 0
0 0 0 4096
1 0 0 2048
2 2048 0 4096
21 2048 0 3072
22 3072 0 4096
23 2048 1024 3072
24 3072 1024 4096 0 1 2 3 4 7 8 9 10 11 12 13 14
3 0 2048 2048
4 2048 2048 4096
