27
0 0 4064 -592 64 352 0
1 0 3872 -560 192 32 0
2 0 3776 -688 128 32 0
3 0 3680 -624 64 32 0
4 0 3552 -560 192 32 0
5 0 3232 -624 64 32 0
6 24 3856 -752 32 32 0
7 26 3072 -752 32 32 0
8 27 4096 -752 32 32 0
9 4 4016 -592 32 32 0
10 22 3088 -496 44 96 0
11 6 3360 -432 16 32 1
12 6 3488 -432 16 32 6
13 6 3616 -432 16 32 1
14 6 3744 -432 16 32 1
15 6 3872 -432 16 32 13
16 21 3104 -496 32 32 0
17 9 -3516 -462 24 28 0
18 9 -3116 -462 24 28 0
19 13 3744 -640 32 64 1
20 13 3888 -512 32 64 1
21 13 3344 -512 32 64 11
22 0 3328 -560 128 32 0
23 0 2688 -560 1024 32 0
24 0 3808 -624 64 96 0
25 0 4032 -624 128 32 0
27 41 3424 -672 128 32 1
0 0 0 4096
1 0 0 2048
2 2048 0 4096s
21 2048 0 3072 10 23
22 3072 0 4096 0 1 4 10 11 12 13 14 15 16 17 18 20 21 22 23 24 27
23 2048 1024 3072 7
24 3072 1024 4096 0 2 3 5 6 7 8 9 19 24 25
3 0 2048 2048
4 2048 2048 4096
