28
0 0 2656 -560 960 32 0
1 0 3056 -672 96 192 0
2 0 3088 -464 32 32 0
3 0 3088 -528 32 32 0
4 0 3088 -498 32 32 0
5 0 3088 -464 32 32 0
6 0 2144 -496 64 32 0
7 0 1824 -560 576 32 0
8 0 1568 -592 64 352 0
9 0 1616 -496 64 32 0
10 2 1648 -464 32 32 0
11 23 1680 -394 32 32 0
12 6 2848 -432 16 32 1
13 6 2720 -432 16 32 1
14 6 2592 -432 16 32 1
15 6 2464 -432 16 32 1
16 6 2336 -432 16 32 10
17 6 2208 -432 16 32 1
18 6 2080 -496 16 32 1
19 6 1696 -432 16 32 1
20 6 1952 -432 16 32 5
21 27 3104 -714 32 32 0
22 26 1536 -714 32 32 0
23 12 1776 -490 32 32 1
24 12 2288 -490 32 32 1
25 12 2736 -490 32 32 1
26 12 2512 -490 32 32 1
27 12 1968 -490 32 32 1
0 0 0 4096
1 0 0 2048
11 0 0 1024
12 1024 0 2048 7 8 9 10 11 19 20 23 27
13 0 1024 1024
14 1024 1024 2048 8 22
2 2048 0 4096
21 2048 0 3072 0 1 6 7 12 13 14 15 16 17 18 24 25 26
22 3072 0 4096 0 1 2 3 4 5
23 2048 1024 3072 1
24 3072 1024 4096 1 21
3 0 2048 2048
4 2048 2048 4096
