37
0 4 1744 -308 32 32 0
1 0 1760 -336 64 32 0
2 0 1888 -336 64 32 0
3 0 2048 -304 128 32 0
4 0 2240 -304 128 32 0
5 0 1856 -176 384 32 0
6 0 2272 -176 64 32 0
7 0 2592 -176 192 32 0
8 0 2720 -304 704 32 0
9 0 2720 -240 64 32 0
10 0 2944 -176 256 32 0
11 0 2768 -112 32 32 0
12 0 3040 -208 64 352 0
13 0 1536 -80 128 96 0
14 22 1552 -176 44 96 0
15 21 1584 -208 32 32 0
16 13 2576 -128 32 64 1
17 13 1808 -128 32 64 1
18 16 2128 -168 64 16 0
19 16 2384 -168 64 16 0
20 13 2912 -128 32 64 1
21 6 2848 -244 16 32 11
22 6 2464 -244 16 32 1
23 6 2208 -244 16 32 1
24 6 1952 -244 16 32 1
25 6 1696 -244 16 32 11
26 6 1824 -48 16 32 6
27 6 2080 -48 16 32 1
28 6 2336 -48 16 32 1
29 6 2464 -48 16 32 1
30 6 2720 -48 16 32 1
31 12 2512 -272 32 32 1
32 12 2256 -272 32 32 1
33 12 2800 -272 32 32 1
34 0 1536 -304 256 160 0
35 31 2784 -112 64 32 2
37 41 1952 -368 768 32 0
0 0 0 4096
1 0 0 2048
11 0 0 1024
12 1024 0 2048 0 1 2 3 5 13 14 15 17 24 25 26 27 34 37
13 0 1024 1024
14 1024 1024 2048
2 2048 0 4096
21 2048 0 3072 3 4 6 7 8 9 10 11 12 16 18 19 20 21 22 23 28 29 30 31 32 33 35 37
22 3072 0 4096
23 2048 1024 3072
24 3072 1024 4096
3 0 2048 2048
4 2048 2048 4096
