1   10001	725	8 756 40	
1   10002	700	8 731 40	
1   10003	671	8 702 40	
1   10011	70	9 101 41
1   10012	100	9 131 41	
1   10013	129	9 160 41
1   10004	745	51 776 83		
1   10005	697	51 728 83	
1   10006	647	51 678 83
1   10014	54 	52 86  84			
1   10015	102	52 133 84	
1   10016	152	52 183 84
1   10007	642	16 673 40
1   10017	157	17 188 41
1   10008	642	16 673 40
1   10018	157	17 188 41
1   10019       544     8  575 40
1   10020       254     9  285 41	
1   100001      593    613 624 637
1   100002      549    617 580 641
1   100003      455    618 486 643      
1   110001      207    614 239 638
1   110002      251   618  282 642
1   110003      345    619 377 644   
1   20001   760   98 770 123
1   20002   714    96 729 116
1   20003   672   97 695 106
1   20011   61    99 69 124
1   20012   101   96 117 116
1   20013   135    97 159 105
1   20101   763   137 770 162
1   20102   720    135 736 155
1   20103   672   139 695 146
1   20104   770    180 778 206
1   20105   770    220 778 246
1   20106   770    260 778 286
1   20107   726   178 742 199
1   20108   726   218 742 239
1   20109   726   258 742 279
1   20110   673    182  711 190
1   20111   673    222  711 230
1   20112   673   262   711 270
1   21101   57    139 67 163
1   21102   95   136 107 157
1   21103   135    139 159 147
1   21104   51   181   61    207
1   21105   51   221   61    247
1   21106   51   261   61    287
1   21107   88   179   104  200
1   21108   88   219   104  240
1   21109   88   259   104  290
1   21110  119   183   160  191
1   21111  119   223   160  231
1   21112  119   263   160  271
1   30001   673   572  704  602
1   30002   700   572  731  602
1   30003   727   572  758  602
1   30004   752   572  783  602
1   30011   133   573  161  603
1   30012   105   573  136  603
1   30013   76    573  107  603
1   30014   48    573  79   603
1   31001   573  8  604  40 
1   31002   598  8  629  40
1   31003   573  52 604 84 
1   31004   525  52 556 84
1   31005   475  52 506 84
1   31006   572  334 603 366 
1   31007   524  334 555 366
1   31008   474  334 505 366
1   31011   227  9   258  41 
1   31012   201  9   232  41 
1   31013   325  53 356 85 
1   31014   275  53 306 85
1   31015   227  53 258 85
1   31016   325  335 356 367 
1   31017   275  335 306 367
1   31018   227  335 258 367
1   31019   288  10  320 40
2   90001  124  120  141  136
3   90002 47 25 64 56
3   90003 74 25 91 56
3   90004 16 31 25 47
3   90005 30 31 39 47
3   90006 36 120 52 171
3   90007 55 120 78 171
3   90008 97 120 114 152 
3   90009 124 120 141 136
4   90010 27 320 46 344
4   90011 73 318 95 344
4   90012 119 316 148 353
4   90013 170 312 207 362
3   90014 12 121 21 171
4   50012 42 210 69 235	
4   50013 89 225 127 241
4   50014 145 240 204 255
4   50015 121 277 223 301
4   99999 176 39 194 49
5   99998 176 59 194 69
6   99997 123  58 136 68
7   99996 126 39 134 47
8   99995  43 42 61 60
9   11000 223 38  241 53
9   11001 223 62  241 77
9   11002 223 88  241 103
9   11003 223 112 241 127
4   11004 377 42 392 58
4   11005 377 67 392 83
4   11006 377 91 392 107
4   11007 101 104 117 122
4   11008 180 103 198 122
4   11009 38 104 55 121
4   11010 34 156 51 171 
9   7000  205 156 220 171
9   11011 133 112 143 122
9   11012 130 154 148 168
9   11013 130 129 148 143
14  111000 11 6 28 39
14  111001 36 6 53 39
14  111002 721 6 738 39
14  111003 696 6 713 39
14  111004 204 217 214 233
14  111005 220 217 230 233
14  111006 232 217 242 233
14  111007 246 217 256 233
14  111008 617 43 635 60
14  111009 590 43 608 60
14  111010 564 43 582 60
14  111011 115 43 133 60
14  111012 142 43 160 60
14  111013 168 43 186 60
14  111014 62 17 96 35
14  111015 167 17 201 35
14  111016 131 17 165 35
14  111017 94  17 128 35 
14  111018 548 17 582 35
14  111019 584 17 618 35
14  111020 620 17 654 35
14  111021 724 50 742 83
14  111022 699 50 717 83
14  111023 669 50 687 83
14  111024 7 50 25 83 
14  111025 32 50 50 83 
14  111026 62 50 80 83
14  111027 99 223 108 231
14  111028 651 223 642 231
14 32016 292 81 334 100
14 32017 268 42 310 62	
14 32018 314 42 356 62	
9 32019 335 326 360 358
9 32020 362 326 387 358
9 32021 390 326 415 358
9 32022 178 182 192 198
9 32023 178 156 192 172
9 500 289 101 303 118 	


		
	